### CNN(k=3,5):
               UA              WA
Session1F:   0.5637          0.5077 o
Session1M:   0.5607          0.5546 o
Session2F:   0.6284          0.5468 o
Session2M:   0.5846          0.5370 o
Session3F:   0.4771          0.4609 o
Session3M:   0.4582          0.4628 o
Session4F:   0.5049          0.4784 o
Session4M:   0.4927          0.4413 o
Session5F:   0.5667          0.5116 o
Session5M:   0.4807          0.4413

avg:         0.60502





### GE2E+CNN(k=3,5):
               UA              WA
Session1F:   0.6842          0.5936
Session1M:   0.6291          0.6171
Session2F:   0.7076          0.6288
Session2M:   0.6206          0.6015
Session3F:   0.5385          0.5234
Session3M:   0.5972          0.5976
Session4F:   0.5534          0.5370
Session4M:   0.5572          0.5194
Session5F:   0.6163          0.5878
Session5M:   0.5461          0.5038

avg:         0.60502

